XCoord,YCoord,OBJECTID,CLASS,BAND_1,BAND_2,BAND_3,BAND_4,BAND_5,BAND_6,BAND_7,BAND_8,BAND_9,BAND_10,BAND_11,BAND_12,BAND_13,BAND_14,BAND_15,BAND_16
8090093.94680000,2634496.48270000,1,1,150,119,141,46,100,79,94,31,5,5,5,3,750,740,600,463
8083599.95690000,2637024.12440000,2,1,150,120,144,49,100,80,96,33,4,4,4,2,600,528,600,245
8090177.19200000,2634501.55840000,3,1,150,124,147,44,100,83,98,29,10,7,6,3,1500,905,900,490
8090120.78370000,2634535.36670000,4,1,147,121,147,49,98,81,98,32,11,6,5,4,1617,785,721,497
8077528.47780000,2627929.04070000,5,1,148,116,138,45,99,77,92,30,5,5,4,3,740,591,450,349
8083592.02000000,2637067.40160000,6,1,147,98,138,65,98,66,92,44,4,3,4,2,588,451,588,312
8083577.41630000,2611145.88810000,7,1,123,38,0,53,82,25,0,35,5,2,0,3,615,193,0,276
8083620.80640000,2637068.60170000,8,1,130,92,129,65,87,61,86,43,4,3,4,2,520,432,564,317
8066674.61900000,2645545.73090000,9,1,150,131,144,32,100,87,96,21,13,8,7,3,1950,1042,900,481
8090124.36230000,2634513.48480000,10,1,150,121,145,48,100,81,97,32,11,6,5,4,1650,798,740,497
8090397.26240000,2642969.52330000,11,1,150,78,96,64,100,52,64,43,7,4,5,3,1050,494,574,424
8083606.60970000,2637076.16490000,12,1,127,96,135,65,85,64,90,44,4,3,4,2,508,447,580,315
8066666.84660000,2645508.93990000,13,1,150,133,145,31,100,89,97,21,11,8,6,3,1650,1053,900,477
8076999.04520000,2627327.21840000,14,1,150,115,127,39,100,77,85,26,7,5,5,2,1050,632,650,272
8083581.31790000,2637039.72790000,15,1,150,113,144,58,100,75,96,39,4,3,4,2,600,494,600,276
8083575.58990000,2611173.16530000,16,1,118,36,0,51,79,24,0,34,6,2,0,3,708,185,0,275
8071867.20150000,2660736.22530000,17,1,82,75,81,43,55,50,54,29,4,3,4,2,328,300,304,191
8080959.00570000,2622782.88320000,18,1,150,97,144,67,100,65,96,44,5,3,4,2,750,471,600,338
8083566.32110000,2637053.38580000,19,1,150,108,142,62,100,72,95,41,5,3,4,2,750,480,600,288
8083585.73370000,2637019.37350000,20,1,150,123,144,48,100,82,96,32,4,4,4,2,600,531,600,239
8090430.49640000,2643030.00190000,21,1,150,80,105,62,100,53,70,42,7,4,5,3,1050,520,590,425
8082763.06410000,2612209.05170000,22,1,144,88,115,56,96,59,77,37,2,2,2,1,288,233,240,178
8083567.09950000,2637033.55910000,23,1,150,121,144,52,100,81,96,34,4,4,4,2,600,521,600,249
8083588.09700000,2637047.53270000,24,1,150,110,142,59,100,74,95,39,4,4,4,2,600,490,600,281
8090164.89520000,2634443.45200000,25,1,150,129,145,37,100,86,97,25,6,7,8,3,900,1005,1128,468
8083575.10400000,2637052.26760000,26,1,150,107,142,62,100,71,95,41,4,3,4,2,600,475,600,293
8083618.14750000,2637055.82700000,27,1,129,100,136,63,86,67,91,42,4,3,4,2,516,461,580,305
8083582.23030000,2637019.20260000,28,1,150,125,145,47,100,84,97,31,4,4,4,2,600,535,600,232
8083598.21370000,2611152.32260000,29,1,45,44,0,54,30,29,0,36,6,2,0,3,270,224,0,286
8090205.63670000,2634472.71040000,30,1,150,128,148,42,100,86,99,28,9,7,8,3,1350,973,1015,476
8090121.17370000,2634443.00480000,31,1,150,123,144,43,100,82,96,29,6,6,6,3,900,886,900,500
8098857.09170000,2632519.34780000,32,1,139,47,0,60,93,31,0,40,4,1,0,2,556,155,0,212
8071845.66230000,2660713.46870000,33,1,45,73,81,43,30,49,54,29,4,3,4,2,180,299,300,200
8090157.98200000,2634497.92510000,34,1,133,127,147,40,89,85,98,27,8,7,7,3,1064,922,900,477
8076989.18360000,2627342.51640000,35,1,150,112,126,43,100,75,84,29,7,5,5,2,1050,612,650,289
8076990.30520000,2627352.25390000,36,1,150,115,129,41,100,77,86,27,7,5,5,2,1050,617,645,274
8090211.98960000,2634513.03140000,37,1,150,124,147,47,100,82,98,31,13,6,6,4,1950,886,896,498
8090181.62320000,2634448.67230000,38,1,150,128,145,39,100,86,97,26,7,7,8,3,1050,998,1104,468
8082554.98670000,2612266.19500000,39,1,150,78,105,61,100,52,70,41,2,2,2,1,300,198,240,165
8082544.65210000,2612280.73240000,40,1,150,80,106,60,100,54,71,40,2,2,2,1,300,204,240,161
8077601.25780000,2627914.25710000,41,1,147,110,129,47,98,73,86,32,7,5,5,3,1029,655,624,379
8083592.52670000,2637092.93490000,42,1,150,86,129,69,100,57,86,46,4,3,4,2,600,400,564,332
8090367.76190000,2642986.33670000,43,1,150,86,115,62,100,58,77,41,7,4,5,3,1050,533,592,409
8066676.27770000,2645532.39210000,44,1,150,133,145,30,100,89,97,20,13,8,7,3,1950,1050,900,471
8090189.31620000,2634478.71150000,45,1,150,128,147,41,100,85,98,27,8,7,7,3,1200,967,1008,476
8090106.12720000,2634479.03140000,46,1,150,121,142,45,100,81,95,30,5,6,5,3,750,800,750,481
8082528.55830000,2612261.34300000,47,1,150,72,90,62,100,48,60,41,2,2,2,1,300,183,212,163
8077570.40560000,2627912.35760000,48,1,150,115,135,44,100,77,90,29,7,5,5,3,1050,675,640,361
8090415.70570000,2642987.77510000,49,1,150,75,91,64,100,50,61,43,8,4,5,3,1200,490,560,433
8077044.30020000,2627385.61860000,50,1,130,117,138,44,87,78,92,29,5,5,5,2,650,610,600,264
8082612.27980000,2612005.41980000,51,1,144,80,103,63,96,53,69,42,6,3,4,3,864,424,460,368
8090132.53760000,2634454.06720000,52,1,150,124,145,42,100,83,97,28,6,7,7,3,900,914,900,493
8071860.03070000,2660715.48630000,53,1,75,73,81,43,50,49,54,29,4,3,4,2,300,295,300,192
8090181.99490000,2634543.02870000,54,1,129,123,147,47,86,82,98,31,11,6,5,4,1419,846,750,499
8090118.20830000,2634523.97560000,55,1,150,121,145,48,100,81,97,32,11,6,5,4,1650,798,740,497
8080966.13250000,2622770.18070000,56,1,150,98,145,67,100,66,97,44,5,3,5,2,750,485,600,345
8083617.58490000,2637068.18680000,57,1,126,94,132,65,84,63,88,44,4,3,4,2,504,440,568,318
8077533.42550000,2627929.88080000,58,1,148,116,138,45,99,77,92,30,5,5,4,3,740,591,450,349
8090165.39380000,2634480.56890000,59,1,150,126,147,41,100,84,98,27,6,7,7,3,900,943,924,480
8077040.50790000,2627377.06200000,60,1,130,117,138,44,87,78,92,29,5,5,5,2,650,610,600,264
8077014.28670000,2627325.41180000,61,1,150,117,129,39,100,78,86,26,7,5,5,2,1050,637,650,267
8098801.99190000,2632483.07830000,62,1,150,44,0,60,100,30,0,40,3,1,0,2,450,150,0,212
8081009.17470000,2622762.57630000,63,1,150,90,144,71,100,60,96,47,5,3,5,3,750,469,600,391
8077540.87550000,2627931.86700000,64,1,148,116,138,45,99,78,92,30,6,5,4,3,888,604,515,351
8090415.54590000,2642986.13300000,65,1,150,75,91,64,100,50,61,43,8,4,5,3,1200,490,560,433
8071857.48130000,2660706.72210000,66,1,70,73,81,44,47,49,54,29,4,3,4,2,280,293,300,193
8090382.30290000,2642957.89280000,67,1,150,76,90,65,100,51,60,43,5,4,5,3,750,466,515,419
8083613.19280000,2637043.71180000,68,1,127,106,139,60,85,71,93,40,4,4,4,2,508,480,580,290
8090138.34090000,2634445.99900000,69,1,150,126,145,40,100,84,97,27,6,7,8,3,900,946,1015,481
8090202.43260000,2634515.15920000,70,1,150,124,147,47,100,82,98,31,13,6,6,4,1950,886,896,498
8090105.30010000,2634443.95380000,71,1,150,123,142,42,100,82,95,28,5,6,6,3,750,851,882,484
8090374.13190000,2642960.85520000,72,1,150,76,90,65,100,51,60,43,5,4,5,3,750,466,515,419
8077587.01410000,2627916.14830000,73,1,150,112,133,46,100,75,89,31,7,5,5,3,1050,659,615,374
8090386.21030000,2642998.76460000,74,1,150,85,114,62,100,57,76,41,7,4,6,3,1050,550,624,417
8066671.64740000,2645559.99260000,75,1,150,127,142,37,100,84,95,25,13,8,6,3,1950,1025,900,508
8090192.33180000,2634495.20360000,76,1,150,126,147,43,100,84,98,29,9,7,7,3,1350,938,900,485
8090404.40750000,2642992.34060000,77,1,150,79,99,63,100,53,66,42,8,4,5,3,1200,509,580,427
8082741.44230000,2612211.96370000,78,1,139,90,115,55,93,60,77,37,3,2,2,1,417,236,240,176
8066660.52000000,2645529.65060000,79,1,150,131,145,34,100,88,97,22,13,8,6,3,1950,1045,900,487
8077021.26770000,2627383.21980000,80,1,150,117,132,41,100,78,88,27,6,5,5,2,900,612,615,258
8082535.74960000,2612311.21700000,81,1,148,79,103,60,99,53,69,40,2,2,2,1,296,201,240,159
8090427.58940000,2643025.59500000,82,1,150,80,105,62,100,53,70,42,7,4,5,3,1050,520,590,425
8090145.41000000,2634506.89140000,83,1,133,126,147,41,89,84,98,27,9,7,6,3,1197,889,840,481
8083576.43050000,2611148.51810000,84,1,123,38,0,53,82,25,0,35,5,2,0,3,615,193,0,276
8066684.90950000,2645547.20160000,85,1,150,131,144,32,100,87,96,21,13,8,7,3,1950,1042,900,481
8083585.22410000,2637044.04110000,86,1,150,110,142,59,100,74,95,39,4,4,4,2,600,490,600,281
8098864.93230000,2632525.37120000,87,1,145,47,0,60,97,31,0,40,3,1,0,2,435,155,0,212
8082773.37290000,2612232.86810000,88,1,145,86,111,56,97,57,74,38,2,2,2,1,290,219,236,170
8066673.44860000,2645517.28280000,89,1,150,133,145,31,100,89,97,21,11,8,6,3,1650,1053,900,477
8077052.43010000,2627378.75190000,90,1,127,117,138,44,85,78,92,29,5,5,5,2,635,610,600,264
8066669.53420000,2645545.87390000,91,1,150,130,144,34,100,87,96,23,13,8,6,3,1950,1042,900,491
8082518.01230000,2612290.54690000,92,1,150,75,91,61,100,50,61,41,2,2,2,1,300,196,225,164
8081000.53890000,2622762.09360000,93,1,150,90,144,71,100,60,96,47,5,3,5,3,750,469,600,391
8077553.30520000,2627928.46650000,94,1,148,116,136,45,99,78,91,30,6,5,5,3,888,618,558,354
8090166.13510000,2634526.94590000,95,1,111,123,147,46,74,82,98,31,11,6,6,4,1221,861,750,497
8090139.64540000,2634485.33610000,96,1,141,127,147,40,94,84,98,27,8,7,6,3,1128,904,900,480
8077596.37990000,2627921.94540000,97,1,147,110,129,47,98,73,86,32,7,5,5,3,1029,655,624,379
8080959.52660000,2622765.35270000,98,1,150,93,144,69,100,62,96,46,5,3,4,2,750,450,600,351
8071876.88650000,2660726.35680000,99,1,88,76,82,43,59,51,55,29,4,3,4,2,352,301,304,188
8082540.17240000,2612295.85110000,100,1,150,79,103,60,100,53,69,40,2,2,2,1,300,200,237,157
8077614.52910000,2627931.74960000,101,1,145,107,127,50,97,71,85,33,7,5,5,3,1015,623,600,383
8077585.33860000,2627925.79290000,102,1,150,112,133,46,100,75,89,31,7,5,5,3,1050,659,615,374
8083619.16030000,2637073.28440000,103,1,126,94,132,65,84,63,88,44,4,3,4,2,504,440,568,318
8090093.97830000,2634522.84800000,104,1,150,116,141,51,100,78,94,34,7,5,5,3,1050,706,600,469
8090167.97550000,2634455.61350000,105,1,150,127,145,39,100,85,97,26,6,7,8,3,900,981,1064,474
8078063.96240000,2628210.25570000,106,1,150,98,130,61,100,65,87,41,5,4,4,2,750,463,528,335
8083606.70130000,2637016.47920000,107,1,150,120,144,49,100,80,96,33,4,4,4,2,600,528,600,245
8090202.07740000,2634511.00760000,108,1,150,125,148,46,100,83,99,30,12,7,7,4,1800,913,900,492
8077000.85070000,2627334.17010000,109,1,150,115,127,39,100,77,85,26,7,5,5,2,1050,632,650,272
8081013.19170000,2622767.38140000,110,1,150,90,145,70,100,60,97,47,6,3,5,3,900,482,665,400
8078035.79840000,2628072.30980000,111,1,150,105,121,48,100,70,81,32,8,5,5,2,1200,581,600,322
8090436.00270000,2643009.59030000,112,1,150,76,93,63,100,51,62,42,7,4,5,3,1050,494,552,427
8090164.21740000,2634474.20850000,113,1,150,126,147,41,100,84,98,27,6,7,7,3,900,943,924,480
8090399.36660000,2642982.60040000,114,1,150,79,99,63,100,53,66,42,8,4,5,3,1200,509,580,427
8082535.30600000,2612292.76420000,115,1,150,79,103,60,100,53,69,40,2,2,2,1,300,200,237,157
8098854.02060000,2632511.16490000,116,1,139,47,0,60,93,31,0,40,4,1,0,2,556,155,0,212
8090418.34380000,2643007.16880000,117,1,150,82,108,62,100,55,72,42,7,4,6,3,1050,534,600,425
8090390.75450000,2642957.68040000,118,1,150,74,88,65,100,49,59,43,5,4,5,3,750,462,515,425
8090100.77590000,2634493.61730000,119,1,150,120,142,46,100,80,95,30,6,6,5,3,900,785,740,481
8090169.59690000,2634501.69100000,120,1,132,125,147,43,88,83,98,29,10,7,6,3,1320,900,900,488
8090180.10950000,2634520.30430000,121,1,148,123,147,46,99,82,98,31,12,6,6,4,1776,877,882,499
8082728.38260000,2612196.27940000,122,1,135,92,115,54,90,61,77,36,3,2,2,1,405,252,242,185
8090201.75670000,2634510.50920000,123,1,150,125,148,46,100,83,99,30,12,7,7,4,1800,913,900,492
8098869.19660000,2632561.69540000,124,1,130,48,0,60,87,32,0,40,2,1,0,2,260,160,0,213
8071852.76030000,2660712.93550000,125,1,45,73,81,43,30,49,54,29,4,3,4,2,180,299,300,200
8090102.03730000,2634518.34540000,126,1,150,118,142,50,100,78,95,33,9,5,5,3,1350,748,650,489
8083606.52450000,2637068.98500000,127,1,127,96,135,65,85,64,90,44,4,3,4,2,508,447,580,315
8090092.58160000,2634489.81560000,128,1,150,119,141,46,100,79,94,31,5,5,5,3,750,740,600,463
8083601.60210000,2637036.53750000,129,1,141,114,142,54,94,76,95,36,4,4,4,2,564,508,600,267
8083584.67800000,2611168.75570000,130,1,121,40,0,53,81,27,0,35,5,2,0,3,605,207,0,282
8077013.84600000,2627390.39680000,131,1,150,114,129,43,100,76,86,29,5,5,5,2,750,591,600,267
8066696.75500000,2645529.74790000,132,1,150,132,144,30,100,88,96,20,13,8,7,3,1950,1040,900,466
8078079.61140000,2628214.95110000,133,1,150,91,126,64,100,61,84,43,4,3,4,2,600,436,484,350
8090120.12440000,2634460.25860000,134,1,150,122,144,45,100,81,96,30,6,6,6,3,900,854,861,495
8082629.29870000,2611967.69340000,135,1,141,90,114,59,94,60,76,39,7,4,5,3,987,489,576,364
8077016.58250000,2627321.07890000,136,1,91,118,130,38,61,79,87,25,6,5,5,2,546,647,648,257
8090393.90230000,2642977.58110000,137,1,150,78,96,64,100,52,64,43,7,4,5,3,1050,494,574,424
8077025.85270000,2627388.20750000,138,1,150,117,132,41,100,78,88,27,6,5,5,2,900,612,615,258
8071881.62160000,2660714.26010000,139,1,84,76,84,43,56,51,56,29,4,3,4,2,336,299,304,189
8090169.51590000,2634448.37030000,140,1,150,127,145,39,100,85,97,26,6,7,8,3,900,981,1064,474
8090128.74610000,2634511.76450000,141,1,150,123,147,45,100,82,98,30,11,6,5,4,1650,840,750,497
8077522.28550000,2627912.60710000,142,1,148,113,135,45,99,75,90,30,5,5,5,3,740,629,576,361
8090448.30180000,2643018.25350000,143,1,150,73,88,63,100,49,59,42,7,4,5,3,1050,473,520,428
8090193.71130000,2634450.82640000,144,1,150,129,147,38,100,86,98,26,8,7,8,3,1200,1016,1116,463
8082605.89320000,2611983.41500000,145,1,141,83,106,61,94,56,71,41,7,4,4,3,987,447,528,364
8071874.01670000,2660724.19800000,146,1,87,74,81,43,58,50,54,29,4,3,4,2,348,296,300,190
8082608.24660000,2611991.90980000,147,1,145,81,106,62,97,54,71,42,6,4,4,3,870,436,504,368
8090219.26260000,2634467.28370000,148,1,150,130,148,41,100,87,99,27,9,7,8,3,1350,1012,1080,464
8082710.20400000,2612198.15800000,149,1,133,92,115,54,89,62,77,36,3,2,2,1,399,255,246,185
8077473.46680000,2626265.70650000,150,1,150,86,102,56,100,58,68,37,2,2,2,1,300,236,242,174
8080532.14920000,2634520.55200000,151,2,150,112,150,61,100,75,100,41,4,4,4,2,600,502,600,284
8080412.15180000,2634414.67120000,152,2,99,96,142,67,66,64,95,45,6,4,4,3,594,516,600,388
8079033.92920000,2629558.46960000,153,2,150,104,145,65,100,69,97,43,4,3,4,2,600,426,520,281
8086813.69710000,2634087.74290000,154,2,142,117,139,49,95,78,93,33,3,3,3,1,426,345,414,156
8086819.73590000,2634097.38950000,155,2,142,117,139,50,95,78,93,33,3,3,3,1,426,345,414,157
8084602.45310000,2646465.55190000,156,2,150,108,142,57,100,72,95,38,9,7,8,3,1350,902,1088,490
8080834.05870000,2635724.31490000,157,2,148,127,150,49,99,85,100,33,7,6,6,3,1036,839,900,382
8086779.94350000,2634123.28200000,158,2,99,117,139,52,66,78,93,35,3,2,3,1,297,345,417,160
8067199.76480000,2638627.18520000,159,2,147,118,138,46,98,79,92,31,4,3,3,1,588,424,444,186
8081091.69360000,2634987.41440000,160,2,150,123,150,56,100,82,100,37,6,5,6,2,900,761,900,365
8074646.62120000,2639740.16400000,161,2,141,110,139,56,94,73,93,37,6,4,4,2,846,506,576,275
8070862.53290000,2644293.21660000,162,2,127,32,0,44,85,22,0,29,3,1,0,1,381,97,0,135
8081351.50330000,2636134.37860000,163,2,148,104,142,60,99,69,95,40,6,5,6,3,888,652,800,390
8081707.44720000,2628223.40080000,164,2,141,103,136,59,94,69,91,40,3,2,3,1,423,317,378,195
8074649.38500000,2639742.96790000,165,2,141,110,139,56,94,73,93,37,6,4,4,2,846,506,576,275
8084602.66100000,2646469.74560000,166,2,150,108,142,57,100,72,95,38,9,7,8,3,1350,902,1088,490
8081703.94730000,2628264.14700000,167,2,150,109,141,58,100,73,94,39,3,2,3,1,450,330,408,189
8080822.62750000,2635721.68520000,168,2,144,126,150,51,96,84,100,34,7,6,6,3,1008,837,900,390
8081327.84420000,2636073.12300000,169,2,150,116,147,55,100,78,98,37,7,5,6,2,1050,714,870,350
8081705.38050000,2628272.60280000,170,2,150,109,141,58,100,73,94,39,3,2,3,1,450,330,408,189
8081710.65310000,2628210.02230000,171,2,147,101,135,60,98,67,90,40,3,2,3,1,441,313,378,197
8081105.13120000,2634988.09350000,172,2,150,121,150,57,100,81,100,38,6,5,6,3,900,759,900,384
8073043.81890000,2638239.55900000,173,2,148,94,115,55,99,63,77,37,5,4,5,2,740,488,556,298
8084602.64550000,2646452.74970000,174,2,150,106,142,58,100,71,95,39,8,7,8,3,1200,888,1064,503
8081279.42100000,2636118.87180000,175,2,142,113,147,57,95,75,98,38,6,5,6,3,852,722,882,379
8086790.01740000,2634125.25150000,176,2,144,117,141,51,96,78,94,34,3,2,3,1,432,345,417,159
8080822.47580000,2635722.97140000,177,2,144,126,150,51,96,84,100,34,7,6,6,3,1008,837,900,390
8081048.24230000,2632465.92000000,178,2,120,95,124,59,80,64,83,39,4,4,4,2,480,481,568,309
8081703.33040000,2628276.28060000,179,2,150,109,141,58,100,73,94,39,3,2,3,1,450,330,408,189
8080722.91470000,2634677.96650000,180,2,150,125,150,54,100,84,100,36,6,5,5,2,900,711,750,337
8079032.58420000,2629561.53610000,181,2,150,104,145,65,100,69,97,43,4,3,4,2,600,426,520,281
8086795.10370000,2634132.52130000,182,2,144,117,141,51,96,78,94,34,3,2,3,1,432,345,417,159
8086910.41560000,2656807.75310000,183,2,120,78,102,60,80,52,68,40,5,3,4,2,600,355,444,283
8083008.95800000,2655521.52220000,184,2,150,104,133,58,100,70,89,39,5,5,5,3,750,659,738,423
8083302.73810000,2655432.41790000,185,2,141,47,0,61,94,31,0,41,10,4,0,5,1410,461,0,619
8073070.56930000,2638215.25830000,186,2,150,102,126,54,100,68,84,36,4,4,4,2,600,484,540,280
8080832.92030000,2635720.29430000,187,2,150,128,150,48,100,86,100,32,8,6,6,3,1200,843,900,376
8083020.92610000,2655531.96460000,188,2,148,102,130,58,99,68,87,39,5,5,5,3,740,626,705,409
8086812.09980000,2634084.12620000,189,2,142,117,139,49,95,78,93,33,3,3,3,1,426,345,414,156
8073148.36350000,2638227.33480000,190,2,150,103,124,53,100,69,83,36,4,4,4,2,600,440,496,245
8083302.77950000,2655436.18550000,191,2,148,47,0,61,99,31,0,41,10,4,0,5,1480,467,0,624
8070215.07980000,2644480.67220000,192,2,129,40,0,48,86,26,0,32,5,2,0,2,645,183,0,224
8070858.42300000,2644295.42840000,193,2,127,32,0,44,85,22,0,29,3,1,0,1,381,97,0,135
8088045.59840000,2640817.02210000,194,2,148,125,144,45,99,83,96,30,3,3,3,1,444,461,450,198
8086785.66960000,2634075.66460000,195,2,148,115,138,51,99,77,92,34,2,3,3,1,296,349,414,163
8080726.78520000,2634677.79000000,196,2,150,124,150,55,100,83,100,37,6,5,6,2,900,711,882,347
8080817.75330000,2635709.27250000,197,2,150,127,150,50,100,85,100,33,8,6,6,3,1200,842,900,384
8086909.82820000,2656807.02620000,198,2,120,78,102,60,80,52,68,40,5,3,4,2,600,355,444,283
8080825.80980000,2635709.78820000,199,2,150,128,150,48,100,86,100,32,8,6,6,3,1200,843,900,376
8073072.09660000,2638224.67910000,200,2,147,101,124,54,98,68,83,36,4,4,4,2,588,484,540,278
8086809.20440000,2634086.32570000,201,2,132,117,139,49,88,78,93,33,3,3,3,1,396,348,414,155
8086794.09910000,2634076.19330000,202,2,144,117,139,49,96,78,93,33,2,3,3,1,288,353,414,158
8081714.13810000,2628203.50970000,203,2,141,101,135,60,94,67,90,40,4,2,3,1,564,315,381,197
8080700.96260000,2634649.93780000,204,2,150,126,150,53,100,84,100,35,6,5,5,2,900,701,750,329
8086812.91870000,2634090.29140000,205,2,142,117,139,49,95,78,93,33,3,3,3,1,426,345,414,156
8073146.32560000,2638231.68770000,206,2,150,103,124,53,100,69,83,36,4,4,4,2,600,440,496,245
8086808.88250000,2634088.62600000,207,2,132,117,139,49,88,78,93,33,3,3,3,1,396,348,414,155
8086821.23060000,2633919.47710000,208,2,150,110,136,56,100,74,91,37,4,3,3,1,600,389,441,210
8081733.76040000,2628217.55120000,209,2,150,101,135,60,100,67,90,40,3,2,3,1,450,322,384,202
8073120.50530000,2638251.63600000,210,2,148,100,124,55,99,67,83,37,5,4,4,2,740,449,496,264
8086798.46580000,2634081.55690000,211,2,132,117,139,49,88,78,93,33,3,3,3,1,396,348,414,155
8083256.14010000,2655469.84490000,212,2,130,52,0,59,87,35,0,40,12,4,0,5,1560,443,0,575
8086907.75720000,2656821.76060000,213,2,88,77,100,60,59,51,67,40,4,3,4,2,352,355,444,285
8080827.91200000,2635715.01000000,214,2,150,128,150,48,100,86,100,32,8,6,6,3,1200,843,900,376
8081737.10500000,2628224.29630000,215,2,150,103,136,59,100,69,91,40,3,2,3,1,450,326,390,200
8083002.98500000,2655520.32030000,216,2,150,104,133,58,100,70,89,39,5,5,5,3,750,659,738,423
8087041.51770000,2656743.17130000,217,2,111,80,105,59,74,53,70,39,4,3,4,2,444,331,424,249
8084603.66420000,2646463.83550000,218,2,150,108,142,57,100,72,95,38,9,7,8,3,1350,902,1088,490
8086821.95050000,2633910.41180000,219,2,150,110,136,56,100,74,91,37,4,3,3,1,600,389,441,210
8081095.56000000,2634982.23380000,220,2,150,123,150,56,100,82,100,37,6,5,6,2,900,761,900,365
8086821.79760000,2634090.57100000,221,2,142,117,139,49,95,78,93,33,3,3,3,1,426,345,414,156
8080716.05140000,2634692.04860000,222,2,150,127,150,52,100,85,100,35,6,5,6,2,900,730,882,332
8083253.79650000,2655467.98680000,223,2,130,52,0,59,87,35,0,40,12,4,0,5,1560,443,0,575
8086820.38370000,2634090.40480000,224,2,142,117,139,49,95,78,93,33,3,3,3,1,426,345,414,156
8081731.76170000,2628236.93150000,225,2,150,105,139,59,100,70,93,39,2,2,3,1,300,330,405,199
8080831.23240000,2635717.84340000,226,2,150,128,150,48,100,86,100,32,8,6,6,3,1200,843,900,376
8073070.59680000,2638215.04220000,227,2,150,102,126,54,100,68,84,36,4,4,4,2,600,484,540,280
8081726.04440000,2628230.85120000,228,2,141,104,138,59,94,70,92,39,3,2,3,1,423,324,387,197
8086797.74850000,2634077.57130000,229,2,144,117,139,49,96,78,93,33,2,3,3,1,288,353,414,158
8080717.21570000,2634673.03020000,230,2,150,125,150,54,100,84,100,36,6,5,5,2,900,711,750,337
8070021.00800000,2644451.51680000,231,2,127,53,54,49,85,35,36,32,4,3,3,2,508,218,216,207
8080716.61960000,2634675.46200000,232,2,150,125,150,54,100,84,100,36,6,5,5,2,900,711,750,337
8079036.50390000,2629554.34520000,233,2,150,104,145,65,100,69,97,43,4,3,4,2,600,426,520,281
8080835.05320000,2635721.66170000,234,2,148,127,150,49,99,85,100,33,7,6,6,3,1036,839,900,382
8067203.13730000,2638628.78600000,235,2,147,118,138,46,98,79,92,31,4,3,3,1,588,424,444,186
8070858.21750000,2644299.22750000,236,2,130,32,0,44,87,21,0,29,3,1,0,1,390,96,0,135
8067139.64410000,2638576.97140000,237,2,135,108,132,49,90,72,88,33,4,3,3,1,540,396,426,195
8083004.60100000,2655513.58910000,238,2,150,101,130,60,100,68,87,40,5,5,5,3,750,643,735,431
8087040.47620000,2656727.65240000,239,2,139,78,102,59,93,52,68,40,4,3,4,2,556,318,408,247
8084264.40890000,2646951.71680000,240,2,144,22,0,46,96,14,0,31,6,1,0,3,864,136,0,307
8069865.10100000,2660904.17420000,241,2,82,59,31,63,55,39,21,42,5,3,3,3,410,326,138,375
8081732.21460000,2628230.33860000,242,2,150,103,136,59,100,69,91,40,3,2,3,1,450,326,390,200
8088040.07080000,2640813.84560000,243,2,150,124,144,45,100,83,96,30,3,3,3,1,450,452,450,195
8067138.62060000,2638581.89900000,244,2,135,108,132,49,90,72,88,33,4,3,3,1,540,396,426,195
8086820.11130000,2633920.57130000,245,2,150,110,136,55,100,74,91,37,4,3,3,1,600,385,435,207
8074648.45760000,2639745.78880000,246,2,141,110,139,56,94,73,93,37,6,4,4,2,846,506,576,275
8067281.52690000,2638536.52820000,247,2,150,108,136,54,100,72,91,36,3,3,3,1,450,388,432,215
8073090.42780000,2638290.22130000,248,2,147,92,109,55,98,61,73,37,6,4,4,2,882,422,474,265
8086911.93780000,2656826.79630000,249,2,82,77,99,60,55,51,66,40,4,3,4,2,328,360,444,288
8083017.72480000,2655526.74160000,250,2,150,100,129,59,100,67,86,40,5,5,5,3,750,615,695,412
8081740.21960000,2628217.50600000,251,2,127,100,133,60,85,67,89,40,3,2,3,1,381,319,381,203
8080834.12130000,2635726.02880000,252,2,148,127,150,49,99,85,100,33,7,6,6,3,1036,839,900,382
8081970.46610000,2631365.95970000,253,2,147,109,136,56,98,73,91,37,5,4,5,2,735,580,620,344
8086781.38510000,2634073.91010000,254,2,148,115,138,51,99,77,92,34,2,3,3,1,296,349,414,163
8080411.73700000,2634416.53160000,255,2,99,96,142,67,66,64,95,45,6,4,4,3,594,516,600,388
8073042.24270000,2638239.46700000,256,2,148,94,115,55,99,63,77,37,5,4,5,2,740,488,556,298
8084606.03900000,2646474.04090000,257,2,150,108,142,57,100,72,95,38,9,7,8,3,1350,902,1088,490
8083303.31050000,2655429.70080000,258,2,141,47,0,61,94,31,0,41,10,4,0,5,1410,461,0,619
8086817.80540000,2634085.37130000,259,2,142,117,139,49,95,78,93,33,3,3,3,1,426,345,414,156
8073095.57270000,2638284.78980000,260,2,150,94,115,55,100,63,77,37,6,4,4,2,900,425,472,263
8081352.49710000,2636132.78900000,261,2,148,104,142,60,99,69,95,40,6,5,6,3,888,652,800,390
8081097.42390000,2634987.86490000,262,2,150,121,150,57,100,81,100,38,6,5,6,3,900,759,900,384
8073147.42350000,2638228.01430000,263,2,150,103,124,53,100,69,83,36,4,4,4,2,600,440,496,245
8086801.80560000,2634084.76690000,264,2,132,117,139,49,88,78,93,33,3,3,3,1,396,348,414,155
8073122.58210000,2638258.97700000,265,2,148,100,124,55,99,67,83,37,5,4,4,2,740,449,496,264
8070859.44300000,2644297.68540000,266,2,127,32,0,44,85,22,0,29,3,1,0,1,381,97,0,135
8081729.00850000,2628224.03390000,267,2,150,103,136,59,100,69,91,40,3,2,3,1,450,326,390,200
8086798.31620000,2634128.47860000,268,2,148,116,139,52,99,78,93,35,3,2,3,1,444,340,414,160
8081967.72920000,2631364.36050000,269,2,147,109,136,56,98,73,91,37,5,4,5,2,735,580,620,344
8070019.24740000,2644466.66170000,270,2,85,51,51,48,57,34,34,32,4,2,3,2,340,209,196,203
8086794.18990000,2634080.63220000,271,2,144,117,139,49,96,78,93,33,2,3,3,1,288,353,414,158
8080717.76070000,2634678.09440000,272,2,150,125,150,54,100,84,100,36,6,5,5,2,900,711,750,337
8073093.46140000,2638281.19070000,273,2,148,95,118,55,99,63,79,37,6,4,4,2,888,436,484,267
8070861.15750000,2644297.20170000,274,2,127,32,0,44,85,22,0,29,3,1,0,1,381,97,0,135
8087047.05960000,2656739.98630000,275,2,150,78,100,59,100,52,67,40,4,3,4,2,600,316,400,247
8086779.70240000,2634122.07750000,276,2,99,117,139,52,66,78,93,35,3,2,3,1,297,345,417,160
8080834.32970000,2635725.14580000,277,2,148,127,150,49,99,85,100,33,7,6,6,3,1036,839,900,382
8070794.79540000,2644248.60560000,278,2,79,48,52,46,53,32,35,31,3,2,3,2,237,143,152,141
8080716.35750000,2634694.84240000,279,2,150,127,150,52,100,85,100,35,6,5,6,2,900,730,882,332
8081724.96240000,2628232.66880000,280,2,141,104,138,59,94,70,92,39,3,2,3,1,423,324,387,197
8084263.29890000,2646957.86030000,281,2,144,22,0,46,96,14,0,31,6,1,0,3,864,136,0,307
8081735.25640000,2628222.13290000,282,2,150,101,135,60,100,67,90,40,3,2,3,1,450,322,384,202
8080834.97140000,2635720.73810000,283,2,150,128,150,48,100,86,100,32,8,6,6,3,1200,843,900,376
8086793.91010000,2634080.92200000,284,2,144,117,139,49,96,78,93,33,2,3,3,1,288,353,414,158
8080833.98670000,2635711.13800000,285,2,150,128,150,48,100,86,100,32,8,6,6,3,1200,843,900,376
8081734.34860000,2628227.64900000,286,2,150,103,136,59,100,69,91,40,3,2,3,1,450,326,390,200
8070153.50740000,2644469.59330000,287,2,123,44,33,48,82,30,22,32,5,2,4,2,615,202,136,222
8086786.53070000,2634080.17570000,288,2,144,117,139,49,96,78,93,33,2,3,3,1,288,353,414,158
8087046.88440000,2656743.80740000,289,2,150,78,100,59,100,52,67,39,4,3,4,2,600,323,408,247
8080716.34630000,2634675.04720000,290,2,150,125,150,54,100,84,100,36,6,5,5,2,900,711,750,337
8081092.79640000,2634987.76980000,291,2,150,123,150,56,100,82,100,37,6,5,6,2,900,761,900,365
8081328.43700000,2636072.81500000,292,2,150,116,147,55,100,78,98,37,7,5,6,2,1050,714,870,350
8081351.83540000,2636131.17950000,293,2,148,104,142,60,99,69,95,40,6,5,6,3,888,652,800,390
8086814.54090000,2634089.11790000,294,2,142,117,139,49,95,78,93,33,3,3,3,1,426,345,414,156
8083255.75130000,2655475.09500000,295,2,130,52,0,59,87,35,0,40,12,4,0,5,1560,443,0,575
8081707.42150000,2628276.04430000,296,2,150,109,141,58,100,73,94,39,3,2,3,1,450,330,408,189
8081708.01200000,2628218.12510000,297,2,147,101,135,60,98,67,90,40,3,2,3,1,441,313,378,197
8084266.99640000,2646946.64150000,298,2,148,22,0,46,99,14,0,31,6,1,0,3,888,136,0,307
8084607.16570000,2646471.87370000,299,2,150,108,142,57,100,72,95,38,9,7,8,3,1350,902,1088,490
8069865.17520000,2660913.42340000,300,2,82,59,31,63,55,39,21,42,5,3,3,3,410,326,138,375
8085763.35550000,2655212.99770000,301,3,34,22,0,42,23,15,0,28,7,2,0,3,238,144,0,297
8090033.88280000,2659776.88630000,302,3,138,41,0,52,92,28,0,35,11,3,0,3,1518,278,0,402
8081942.18150000,2638163.83750000,303,3,150,103,138,61,100,69,92,41,12,6,7,4,1800,865,981,611
8081944.71270000,2638171.76940000,304,3,150,104,139,61,100,70,93,41,9,6,7,4,1350,873,1000,603
8088101.52170000,2658526.47040000,305,3,148,88,123,66,99,58,82,44,13,6,6,6,1924,846,852,822
8074623.41020000,2639754.99860000,306,3,124,108,138,57,83,72,92,38,5,4,4,2,620,519,580,303
8075142.13680000,2637368.21850000,307,3,150,77,90,66,100,51,60,44,12,4,4,4,1800,528,435,541
8074619.14010000,2639766.67470000,308,3,124,108,138,57,83,72,92,38,5,4,4,2,620,519,580,303
8089906.54610000,2660140.38000000,309,3,130,39,0,51,87,26,0,34,5,2,0,2,650,163,0,217
8080004.32640000,2637623.13850000,310,3,150,75,93,70,100,50,62,46,3,3,3,3,450,378,450,370
8088131.64000000,2658522.07140000,311,3,147,88,123,66,98,59,82,44,20,6,6,6,2940,843,846,818
8070687.90100000,2631345.11690000,312,3,150,89,112,60,100,59,75,40,7,5,4,4,1050,585,536,515
8079997.70850000,2637733.63690000,313,3,145,90,132,66,97,60,88,44,5,3,5,2,725,437,558,332
8089912.71110000,2660143.87430000,314,3,130,39,0,51,87,26,0,34,5,2,0,2,650,163,0,217
8075179.63980000,2637363.19580000,315,3,150,62,43,65,100,41,29,44,12,4,3,4,1800,461,198,558
8070599.98350000,2631116.80030000,316,3,130,72,84,60,87,48,56,40,6,4,4,3,780,402,378,378
8090053.88310000,2659782.28720000,317,3,138,40,0,52,92,27,0,35,11,3,0,3,1518,269,0,403
8080678.35100000,2637467.66500000,318,3,150,79,97,64,100,53,65,43,6,5,6,4,900,606,621,546
8082241.68510000,2638296.96990000,319,3,97,99,135,62,65,66,90,42,4,7,8,5,388,960,1080,716
8075033.46730000,2637295.91870000,320,3,150,73,79,64,100,49,53,42,6,4,4,3,900,451,360,474
8070627.49250000,2631320.65870000,321,3,112,87,112,62,75,58,75,42,9,5,6,4,1008,600,600,509
8081944.58240000,2638167.13730000,322,3,150,103,138,61,100,69,92,41,12,6,7,4,1800,865,981,611
8089932.21800000,2660161.07700000,323,3,103,39,0,53,69,26,0,35,4,2,0,2,412,163,0,225
8075166.42670000,2637352.85390000,324,3,150,62,43,66,100,42,29,44,12,4,3,4,1800,465,225,560
8090042.93820000,2659769.28520000,325,3,138,41,0,52,92,27,0,35,11,3,0,3,1518,272,0,401
8088169.28280000,2658553.50970000,326,3,148,87,123,67,99,58,82,45,20,6,6,6,2960,825,816,822
8089937.30200000,2660167.04740000,327,3,103,39,0,53,69,26,0,35,4,2,0,2,412,163,0,225
8075042.04250000,2637295.49840000,328,3,150,74,81,64,100,49,54,43,7,4,4,4,1050,477,366,503
8088139.55420000,2658521.56800000,329,3,148,87,123,67,99,58,82,45,20,6,6,6,2960,831,824,822
8088128.50160000,2658523.91130000,330,3,147,88,123,66,98,59,82,44,20,6,6,6,2940,843,846,818
8082275.41890000,2638295.44940000,331,3,91,95,130,64,61,63,87,43,4,6,8,5,364,854,973,671
8074617.20300000,2639763.87190000,332,3,124,108,138,57,83,72,92,38,5,4,4,2,620,519,580,303
8081938.27580000,2638209.54260000,333,3,150,101,139,63,100,67,93,42,6,6,7,4,900,852,987,607
8075149.61000000,2637384.51080000,334,3,150,76,90,66,100,50,60,44,12,4,4,4,1800,527,426,544
8070694.42580000,2631319.52070000,335,3,150,95,118,57,100,64,79,38,9,5,4,4,1350,607,532,495
8079977.20810000,2637730.48460000,336,3,150,88,127,66,100,59,85,44,5,3,5,2,750,427,500,333
8089920.83630000,2660148.71680000,337,3,142,39,0,52,95,26,0,35,4,2,0,2,568,167,0,224
8075146.27510000,2637382.52820000,338,3,150,81,106,65,100,54,71,43,12,4,4,4,1800,547,450,535
8082263.96450000,2638294.67560000,339,3,93,94,130,64,62,63,87,43,4,6,8,5,372,872,973,694
8075123.33400000,2637384.65360000,340,3,145,85,114,64,97,57,76,43,10,4,4,4,1450,561,450,526
8081946.79450000,2638201.25480000,341,3,150,102,139,62,100,68,93,41,6,6,7,4,900,863,987,604
8088124.47710000,2658514.11340000,342,3,144,87,121,66,96,58,81,44,15,6,7,6,2160,840,852,821
8082115.65350000,2638385.18770000,343,3,150,86,111,61,100,57,74,41,16,7,8,5,2400,843,944,669
8075144.74260000,2637366.69560000,344,3,150,77,90,66,100,51,60,44,12,4,4,4,1800,528,435,541
8081935.77380000,2638224.66790000,345,3,150,100,139,64,100,67,93,42,6,6,7,4,900,828,966,599
8088117.87130000,2658553.39190000,346,3,148,87,121,66,99,58,81,44,16,6,6,6,2368,824,805,819
8090026.03570000,2659779.49280000,347,3,109,42,0,52,73,28,0,35,11,3,0,4,1199,282,0,402
8079967.72640000,2637723.44040000,348,3,150,84,121,68,100,56,81,45,5,3,5,2,750,407,450,342
8088147.92160000,2658512.46100000,349,3,148,83,121,68,99,56,81,45,15,6,6,6,2220,810,798,832
8088109.86820000,2658556.97540000,350,3,148,87,121,66,99,58,81,44,16,6,6,6,2368,824,805,819
8082113.61240000,2638404.90990000,351,3,142,83,103,61,95,55,69,41,16,7,8,5,2272,789,880,648
8075136.89880000,2637393.81430000,352,3,150,84,112,64,100,56,75,43,12,4,4,4,1800,558,450,528
8081994.35780000,2638068.82830000,353,3,150,85,111,65,100,57,74,43,9,6,6,5,1350,742,690,656
8082116.53730000,2638348.76490000,354,3,150,95,121,59,100,63,81,39,11,8,9,5,1650,1001,1089,698
8079821.24180000,2633550.48650000,355,3,88,89,112,61,59,59,75,41,7,4,6,3,616,542,672,379
8081952.95900000,2638221.13650000,356,3,150,99,139,63,100,66,93,42,7,6,7,4,1050,857,1016,615
8090047.11930000,2659774.05000000,357,3,136,40,0,52,91,27,0,35,11,3,0,3,1496,273,0,402
8085963.21750000,2655208.99060000,358,3,82,26,0,48,55,18,0,32,5,2,0,3,410,159,0,325
8081989.38880000,2638062.57000000,359,3,150,85,111,65,100,57,74,43,9,6,6,5,1350,742,690,656
8070699.36000000,2631338.87870000,360,3,145,92,117,59,97,61,78,39,11,5,4,4,1595,591,512,505
8088170.25860000,2658551.01550000,361,3,148,87,123,67,99,58,82,45,20,6,6,6,2960,825,816,822
8075126.71830000,2637399.24680000,362,3,147,88,118,63,98,58,79,42,10,5,4,4,1470,572,472,519
8089932.44310000,2660154.15950000,363,3,142,38,0,52,95,26,0,35,4,2,0,2,568,161,0,223
8088140.73440000,2658545.13390000,364,3,145,87,123,67,97,58,82,44,20,6,6,6,2900,829,816,818
8088147.37980000,2658520.19560000,365,3,148,86,121,67,99,57,81,45,20,6,6,6,2960,823,816,826
8088332.60550000,2658670.99560000,366,3,150,40,0,60,100,27,0,40,12,3,0,4,1800,332,0,525
8081951.70730000,2638185.01390000,367,3,150,104,138,61,100,69,92,40,7,7,7,4,1050,891,1036,605
8081974.99350000,2638051.80800000,368,3,150,84,109,64,100,56,73,43,9,5,6,4,1350,696,645,644
8088143.62030000,2658558.92490000,369,3,147,87,123,66,98,58,82,44,20,6,6,6,2940,829,805,816
8082112.10810000,2638322.15620000,370,3,145,104,130,55,97,70,87,37,9,9,9,5,1305,1127,1242,682
8088120.70460000,2658562.16900000,371,3,147,86,121,66,98,57,81,44,16,6,6,6,2352,813,768,819
8088158.41350000,2658515.04740000,372,3,148,83,121,68,99,56,81,45,15,6,6,6,2220,810,798,832
8079978.60130000,2637730.33590000,373,3,150,88,127,66,100,59,85,44,5,3,5,2,750,427,500,333
8088341.55270000,2658687.05640000,374,3,147,40,0,60,98,27,0,40,10,3,0,4,1470,329,0,525
8081992.89350000,2638074.35150000,375,3,150,87,114,64,100,58,76,43,10,6,6,5,1500,774,726,659
8081974.37260000,2638056.90830000,376,3,148,85,112,64,99,57,75,43,8,5,6,4,1184,685,618,639
8088148.97650000,2658529.54210000,377,3,148,86,121,67,99,57,81,45,20,6,6,6,2960,823,816,826
8082116.82410000,2638333.26630000,378,3,148,102,127,56,99,68,85,37,9,8,9,5,1332,1081,1176,679
8089931.42620000,2660161.45010000,379,3,103,39,0,53,69,26,0,35,4,2,0,2,412,163,0,225
8081989.80490000,2638062.51740000,380,3,150,85,111,65,100,57,74,43,9,6,6,5,1350,742,690,656
8074598.42830000,2639770.10570000,381,3,93,109,139,56,62,73,93,37,5,4,5,2,465,553,600,329
8075386.23350000,2648647.30820000,382,3,99,36,0,51,66,24,0,34,5,2,0,3,495,192,0,300
8079952.62500000,2637719.24800000,383,3,150,84,121,67,100,56,81,45,4,3,5,2,600,412,450,343
8081947.83120000,2638171.04020000,384,3,150,104,139,61,100,70,93,41,9,6,7,4,1350,873,1000,603
8081941.73220000,2638218.03080000,385,3,150,101,139,63,100,67,93,42,6,6,7,4,900,852,987,607
8075172.81930000,2637366.66300000,386,3,150,62,43,65,100,41,29,44,12,4,3,4,1800,461,198,558
8088338.51590000,2658684.13680000,387,3,147,40,0,60,98,27,0,40,10,3,0,4,1470,329,0,525
8081954.62940000,2638181.69420000,388,3,150,104,138,61,100,69,92,40,7,7,7,4,1050,891,1036,605
8089902.86180000,2660141.59260000,389,3,130,39,0,51,87,26,0,34,5,2,0,2,650,163,0,217
8075190.60300000,2637363.98190000,390,3,126,57,0,64,84,38,0,43,12,4,0,4,1512,433,0,555
8088152.70310000,2658521.69240000,391,3,148,86,121,67,99,57,81,45,20,6,6,6,2960,823,816,826
8073820.35080000,2637989.81990000,392,3,150,25,0,48,100,17,0,32,8,2,0,4,1200,233,0,464
8081933.56300000,2638175.00640000,393,3,150,104,138,61,100,69,92,41,9,6,7,4,1350,852,966,601
8081972.39860000,2638059.38790000,394,3,148,85,112,64,99,57,75,43,8,5,6,4,1184,685,618,639
8081940.08700000,2638180.50170000,395,3,150,104,139,61,100,70,93,41,9,6,7,4,1350,873,1000,603
8081940.61320000,2638177.60900000,396,3,150,104,139,61,100,70,93,41,9,6,7,4,1350,873,1000,603
8075186.13150000,2637352.60580000,397,3,96,54,0,64,64,36,0,43,11,3,0,4,1056,418,0,558
8081943.06450000,2638181.78320000,398,3,150,104,139,61,100,69,93,41,6,6,7,4,900,873,1008,600
8081938.29770000,2638191.12320000,399,3,150,104,139,61,100,69,93,41,6,6,7,4,900,873,1008,600
8079995.32680000,2637740.85760000,400,3,150,92,130,65,100,61,87,43,5,3,5,2,750,450,585,329
8088173.42120000,2658547.33760000,401,3,148,84,120,67,99,56,80,45,20,6,6,6,2960,808,768,830
8085956.03760000,2655212.87130000,402,3,84,28,0,49,56,19,0,33,5,2,0,3,420,173,0,333
8090046.49570000,2659788.54630000,403,3,142,41,0,52,95,27,0,35,11,3,0,4,1562,277,0,402
8088144.03440000,2658509.65110000,404,3,147,85,121,67,98,57,81,45,15,6,6,6,2205,823,824,826
8090028.46940000,2659787.04320000,405,3,127,42,0,52,85,28,0,35,11,3,0,4,1397,281,0,402
8075027.27560000,2637290.71680000,406,3,150,69,70,64,100,46,47,43,6,4,4,4,900,439,320,479
8070624.51410000,2631099.24950000,407,3,144,70,79,61,96,47,53,40,5,3,3,3,720,372,333,360
8081956.05880000,2638175.39190000,408,3,150,104,138,60,100,70,92,40,10,7,7,4,1500,892,1036,606
8088126.11900000,2658568.30560000,409,3,142,87,121,66,95,58,81,44,20,6,6,6,2840,824,798,816
8070625.02850000,2631104.05350000,410,3,144,70,79,61,96,47,53,40,5,3,3,3,720,372,333,360
8080026.22260000,2637633.19070000,411,3,150,80,105,69,100,53,70,46,3,3,4,3,450,395,450,355
8079824.45180000,2633551.07570000,412,3,112,91,112,60,75,61,75,40,7,5,6,3,784,553,684,371
8081951.37390000,2638207.43160000,413,3,150,102,138,62,100,68,92,41,7,6,7,4,1050,880,1026,609
8079950.02600000,2637720.88990000,414,3,150,84,121,67,100,56,81,45,4,3,5,2,600,412,450,343
8075144.67180000,2637370.29910000,415,3,150,77,90,66,100,51,60,44,12,4,4,4,1800,528,435,541
8085949.51110000,2655207.36580000,416,3,84,28,0,49,56,19,0,33,5,2,0,3,420,173,0,333
8081941.34320000,2638207.41130000,417,3,150,102,139,62,100,68,93,41,6,6,7,4,900,863,987,604
8079980.69970000,2637727.55360000,418,3,150,88,127,66,100,59,85,44,5,3,5,2,750,427,500,333
8088115.47380000,2658542.82620000,419,3,150,89,123,66,100,59,82,44,16,6,6,6,2400,843,846,817
8079994.22880000,2637729.30760000,420,3,150,89,129,66,100,60,86,44,5,3,5,2,750,434,540,332
8081942.09150000,2638173.80130000,421,3,150,104,139,61,100,70,93,41,9,6,7,4,1350,873,1000,603
8088145.70760000,2658547.49640000,422,3,145,87,123,67,97,58,82,44,20,6,6,6,2900,829,816,818
8075145.70350000,2637369.70700000,423,3,150,77,90,66,100,51,60,44,12,4,4,4,1800,528,435,541
8079963.25060000,2637722.19230000,424,3,150,84,121,68,100,56,81,45,5,3,5,2,750,407,450,342
8088155.77220000,2658530.95790000,425,3,148,86,121,67,99,57,81,45,20,6,6,6,2960,823,816,826
8075171.95360000,2637367.99830000,426,3,150,62,43,65,100,41,29,44,12,4,3,4,1800,461,198,558
8082280.16320000,2638294.38970000,427,3,91,95,130,64,61,63,87,43,4,6,8,5,364,854,973,671
8080041.65900000,2637635.96940000,428,3,150,83,120,69,100,55,80,46,3,3,4,3,450,409,495,357
8088160.78390000,2658516.87450000,429,3,148,81,115,68,99,54,77,46,15,6,6,6,2220,794,756,837
8088138.56390000,2658503.29310000,430,3,148,84,120,67,99,56,80,45,10,6,7,6,1480,826,846,828
8088154.34310000,2658556.50850000,431,3,147,87,123,67,98,58,82,45,20,6,6,6,2940,831,824,819
8088154.12620000,2658544.12870000,432,3,145,87,123,67,97,58,82,45,20,6,6,6,2900,833,834,821
8080009.55530000,2637626.09750000,433,3,150,76,94,70,100,51,63,46,3,3,3,3,450,382,450,368
8088153.98450000,2658559.19150000,434,3,147,88,123,66,98,59,82,44,20,6,6,6,2940,837,824,815
8088107.82340000,2658519.44420000,435,3,148,88,123,66,99,58,82,44,13,6,6,6,1924,846,852,822
8082114.96530000,2638380.63070000,436,3,150,89,114,61,100,59,76,40,16,7,8,5,2400,897,1020,684
8075136.89140000,2637380.73960000,437,3,150,81,106,65,100,54,71,43,12,4,4,4,1800,547,450,535
8088155.94810000,2658505.55330000,438,3,148,83,121,68,99,56,81,45,15,6,6,6,2220,810,798,832
8081932.25580000,2638230.27830000,439,3,150,100,139,64,100,67,93,42,6,6,7,4,900,828,966,599
8070676.46430000,2631328.11520000,440,3,147,92,117,59,98,61,78,39,9,5,5,4,1323,616,592,506
8070625.35610000,2631311.54120000,441,3,145,90,117,62,97,60,78,41,9,5,6,4,1305,627,700,504
8081940.26940000,2638197.65360000,442,3,150,102,139,62,100,68,93,41,6,6,7,4,900,863,987,604
8081957.84110000,2638185.39460000,443,3,150,104,138,61,100,69,92,40,7,7,7,4,1050,891,1036,605
8088123.53870000,2658529.76140000,444,3,147,88,123,66,98,59,82,44,20,6,6,6,2940,843,846,818
8088127.52030000,2658550.96290000,445,3,144,88,123,66,96,58,82,44,20,6,6,6,2880,829,816,817
8075147.84150000,2637361.86800000,446,3,150,72,79,66,100,48,53,44,11,4,3,4,1650,507,384,549
8081933.62890000,2638211.89380000,447,3,150,101,139,63,100,68,93,42,7,6,7,4,1050,838,966,601
8081931.69730000,2638220.03750000,448,3,150,101,139,63,100,68,93,42,7,6,7,4,1050,838,966,601
8088150.23940000,2658535.87790000,449,3,145,87,123,67,97,58,82,45,20,6,6,6,2900,833,834,821
8070680.74550000,2631118.18430000,450,3,126,67,67,62,84,45,45,41,4,3,3,3,504,349,282,371
